0
0.313136
0.652663
0.673021
1.17997
1.35427
1.65339
1.23222
1.2886
1.4075
1.49499
2.20455
1.71865
2.56628
1.68016
1.86782
1.80344
1.65317
1.80026
2.06549
1.3287
1.99821
1.67354
1.27998
1.07998
1.34423
1.47206
1.93229
1.86146
2.35229
2.24614
1.96208
1.61267
1.75727
1.99889
1.74639
1.56405
1.47625
1.47097
1.05493
0.976123
1.43719
1.84455
2.12642
1.82305
1.79679
2.21985
2.46965
2.01453
1.85638
1.74683
1.96312
2.06912
1.28785
1.76698
1.42584
2.01769
1.95127
2.05796
2.00148
1.80298
1.88135
2.03719
1.45213
2.23679
2.15162
1.7444
1.60139
1.77213
2.00987
1.99332
2.0437
1.0614
0.985825
1.07163
1.47798
2.21685
1.86946
1.51968
1.89592
1.23564
0.87451
1.02735
1.31837
1.4757
2.11479
2.16228
1.87483
1.12878
1.49561
2.1237
1.61283
1.46817
1.5322
1.30497
1.59117
1.05564
1.33844
1.55499
1.68227
1.77522
1.95324
1.91798
2.085
1.48851
1.86356
1.82956
1.39001
1.72815
1.1355
1.26002
1.61277
1.95354
2.09418
1.66649
1.21776
1.61068
1.36797
1.29129
0.969221
1.18016
0.538598
0.662493
0.496288
0.67767
0.713442
0.749736
0.719585
0.589284
0.745203
1.10206
1.04025
1.09481
1.35491
1.51628
1.23042
1.55159
0.803235
0.849144
1.73877
1.55535
2.251
2.21005
1.73512
1.90133
1.6616
1.56731
1.60241
1.91799
1.88529
1.62395
1.53352
1.59062
2.07763
2.09478
1.26732
1.00629
0.951484
1.41782
1.36714
1.81344
1.83767
2.17316
1.51882
1.62748
1.01705
1.71122
1.46819
1.08095
0.979209
0.727706
0.776998
1.0887
0.725887
0.799586
0.64182
0.905154
1.42265
1.63999
2.02222
2.08368
1.70474
1.57231
1.91361
1.98857
2.28558
2.21344
1.97734
1.68095
1.60067
1.44331
1.60242
1.61728
1.96137
1.59085
1.39005
1.04976
1.18931
2.03943
1.61964
1.46001
1.86558
2.29255
1.58394
1.368
1.27731
1.28779
1.69457
1.46264
1.49772
1.60636
1.01191
1.99416
1.36404
1.17831
1.54035
1.39863
1.68047
1.36883
0.963587
0.938506
1.32672
1.54868
0.22567
0.952898
1.68596
0.996015
1.14314
1.56059
1.97144
1.21336
1.05697
1.11894
