0
233
466
699
932
1165
1398
1631
1864
2097
2330
2563
2796
3029
3262
3495
3728
3961
4194
4427
4660
4893
5126
5359
5592
5825
6058
6291
6524
6757
6990
7223
7456
7689
7922
8155
8388
8621
8854
9087
9320
9553
9786
10019
10252
10485
10718
10951
11184
11417
11650
11883
12116
12349
12582
12815
13048
13281
13514
13747
13980
14213
14446
14679
14912
15145
15378
15611
15844
16077
16310
16543
16776
17009
17242
17475
17708
17941
18174
18407
18640
18873
19106
19339
19572
19805
20038
20271
20504
20737
20970
21203
21436
21669
21902
22135
22368
22601
22834
23067
23300
23533
23766
23999
24232
24465
24698
24931
25164
25397
25630
25863
26096
26329
26562
26795
27028
27261
27494
27727
27960
28193
28426
28659
28892
29125
29358
29591
29824
30057
30290
30523
30756
30989
31222
31455
31688
31921
32154
32387
32620
32853
33086
33319
33552
33785
34018
34251
34484
34717
34950
35183
35416
35649
35882
36115
36348
36581
36814
37047
37280
37513
37746
37979
38212
38445
38678
38911
39144
39377
39610
39843
40076
40309
40542
40775
41008
41241
41474
41707
41940
42173
42406
42639
42872
43105
43338
43571
43804
44037
44270
44503
44736
44969
45202
45435
45668
45901
46134
46367
46600
46833
47066
47299
47532
47765
47998
48231
48464
48697
48930
49163
49396
49629
49862
50095
50328
50561
50794
51027
51260
51493
51726
51959
52192
52425
52658
52891
53124
53357
53590
53823
54056
